   80006  ReiuGR       58.298770   24.610295    6.288  0  3238 0
10031601  Võiste       58.2154636  24.4705208   2.077  0  3086 0
10031604  Vana1111     58.2233028  24.4109063   0.060  0  3086 0
10031701  Rannametsa   58.1232894  24.4797686   0.902  0  3086 0
10031702  vana-1118    58.1255601  24.4638659  -0.038  0  3086 0
10031703  vana-1112    58.1345050  24.4173782  -0.025  0  3086 0
10031711  Sunset       58.3751135  24.4979998   1.670  0  3086 0
10031712  Uus2         58.3461533  24.4982069  -0.058  0  3086 0
10031713  Vana1121     58.3126461  24.4795228   0.100  0  3086 0
10031714  Vana1116     58.2660944  24.4455432  -0.036  0  3086 0
10031715  Kalamees     58.2401676  24.4196081  -0.040  0  3086 0
10031717  Vana1109     58.2645799  24.4046902   0.050  0  3086 0
